t,temps,valeur,Moving Average,Rolling Average Center
1,1636975438328058000,18.018,18.018,
2,1636975443768994000,18.018,18.018,
3,1636975449252709000,18.016,18.016,18.0168
4,1636975454736511000,18.016,18.016,18.016399999999997
5,1636975460123939000,18.016,18.016,18.0156
6,1636975465553947000,18.016,18.016,18.0152
7,1636975471034924000,18.014,18.014000000000003,18.014799999999997
8,1636975476411015000,18.014,18.014000000000006,18.014399999999995
9,1636975481858830000,18.014,18.014000000000006,18.01279999999999
10,1636975487251448000,18.014,18.014000000000006,18.011599999999994
11,1636975492755550000,18.008,18.008000000000006,18.009999999999994
12,1636975498136492000,18.008,18.008000000000006,18.008399999999995
13,1636975503523191000,18.006,18.00600000000001,18.005999999999993
14,1636975508911503000,18.006,18.006000000000014,18.004799999999996
15,1636975514375945000,18.002,18.00200000000001,18.003599999999995
16,1636975519751684000,18.002,18.002000000000006,18.001999999999995
17,1636975525177481000,18.002,18.002000000000006,18.000399999999996
18,1636975530581161000,17.998,17.998000000000008,18.001199999999997
19,1636975536084878000,17.998,17.998000000000008,18.002
20,1636975541514131000,18.006,18.006000000000004,18.0024
21,1636975546901663000,18.006,18.006,18.0036
22,1636975552284679000,18.004,18.004000000000005,18.0048
23,1636975557737193000,18.004,18.00400000000001,18.0044
24,1636975563102612000,18.004,18.00400000000001,18.004
25,1636975568537215000,18.004,18.00400000000001,18.0032
26,1636975573991266000,18.004,18.00400000000001,18.0036
27,1636975579442290000,18.0,18.000000000000004,18.003999999999998
28,1636975584831771000,18.006,18.006,18.004399999999997
29,1636975590237555000,18.006,18.006,18.005999999999997
30,1636975595640988000,18.006,18.006,18.008399999999998
31,1636975601093266000,18.012,18.012,18.0096
32,1636975606508582000,18.012,18.012,18.010399999999997
33,1636975611911697000,18.012,18.012,18.0112
34,1636975617303781000,18.01,18.010000000000005,18.0092
35,1636975622818675000,18.01,18.01000000000001,18.0064
36,1636975628257421000,18.002,18.002000000000006,18.0036
37,1636975633697808000,17.998,17.998000000000008,18.0012
38,1636975639075126000,17.998,17.998000000000008,17.9988
39,1636975644548665000,17.998,17.998000000000008,17.998
40,1636975649902765000,17.998,17.998000000000008,17.998
41,1636975655298442000,17.998,17.998000000000008,17.998
42,1636975660709157000,17.998,17.998000000000008,17.998
43,1636975666196578000,17.998,17.998000000000008,17.998
44,1636975671591267000,17.998,17.998000000000008,17.9984
45,1636975676970907000,17.998,17.998000000000008,17.9988
46,1636975682403826000,18.0,18.000000000000004,18.0
47,1636975687828415000,18.0,18.0,18.0012
48,1636975693318168000,18.004,18.004000000000005,18.0024
49,1636975698717317000,18.004,18.00400000000001,18.0016
50,1636975704115780000,18.004,18.00400000000001,18.000799999999998
51,1636975709597790000,17.996,17.996000000000006,17.999199999999995
52,1636975715011141000,17.996,17.996000000000006,17.996399999999994
53,1636975720414400000,17.996,17.996000000000006,17.993599999999994
54,1636975725823255000,17.99,17.990000000000006,17.992399999999993
55,1636975731522823000,17.99,17.990000000000006,17.991199999999992
56,1636975736952749000,17.99,17.990000000000006,17.98999999999999
57,1636975742375764000,17.99,17.990000000000006,17.98999999999999
58,1636975747786875000,17.99,17.990000000000006,17.98999999999999
59,1636975753311963000,17.99,17.990000000000006,17.98999999999999
60,1636975758729060000,17.99,17.990000000000006,17.98999999999999
61,1636975764136447000,17.99,17.990000000000006,17.98999999999999
62,1636975769525432000,17.99,17.990000000000006,17.98999999999999
63,1636975775031756000,17.99,17.990000000000006,17.98999999999999
64,1636975780475367000,17.99,17.990000000000006,17.987999999999992
65,1636975786060707000,17.99,17.990000000000006,17.985999999999997
66,1636975791429000000,17.98,17.980000000000008,17.983999999999998
67,1636975796893456000,17.98,17.980000000000008,17.982
68,1636975802289086000,17.98,17.980000000000008,17.98
69,1636975807711306000,17.98,17.980000000000008,17.98
70,1636975813093061000,17.98,17.980000000000008,17.98
71,1636975818576789000,17.98,17.980000000000008,17.98
72,1636975824033350000,17.98,17.980000000000008,17.980800000000002
73,1636975829456057000,17.98,17.980000000000008,17.9816
74,1636975834841692000,17.984,17.984000000000012,17.9824
75,1636975840330459000,17.984,17.984000000000016,17.983199999999997
76,1636975845737661000,17.984,17.984000000000016,17.983999999999995
77,1636975851161357000,17.984,17.984000000000016,17.984799999999996
78,1636975856588464000,17.984,17.984000000000016,17.985599999999994
79,1636975862048191000,17.988,17.988000000000014,17.986399999999993
80,1636975867448735000,17.988,17.988000000000014,17.98879999999999
81,1636975872822730000,17.988,17.988000000000014,17.991199999999992
82,1636975878246676000,17.996,17.99600000000001,17.99159999999999
83,1636975883782727000,17.996,17.996000000000006,17.99199999999999
84,1636975889252361000,17.99,17.990000000000006,17.99239999999999
85,1636975894831707000,17.99,17.990000000000006,17.99119999999999
86,1636975900277837000,17.99,17.990000000000006,17.989999999999988
87,1636975905827490000,17.99,17.990000000000006,17.98839999999999
88,1636975911249751000,17.99,17.990000000000006,17.98679999999999
89,1636975916634605000,17.982,17.98200000000001,17.985199999999992
90,1636975922134457000,17.982,17.982000000000014,17.983599999999992
91,1636975927552327000,17.982,17.982000000000014,17.980399999999996
92,1636975933038334000,17.982,17.982000000000014,17.978799999999996
93,1636975938439267000,17.974,17.974000000000018,17.977199999999996
94,1636975943951655000,17.974,17.97400000000002,17.976799999999997
95,1636975949409205000,17.974,17.97400000000002,17.976399999999998
96,1636975954813065000,17.98,17.98000000000002,17.9776
97,1636975960303758000,17.98,17.98000000000002,17.9788
98,1636975965784983000,17.98,17.98000000000002,17.979999999999997
99,1636975971242047000,17.98,17.98000000000002,17.9792
100,1636975976625060000,17.98,17.98000000000002,17.980399999999996
101,1636975982067862000,17.976,17.976000000000017,17.981599999999997
102,1636975987597281000,17.986,17.98600000000002,17.982799999999997
103,1636975993026233000,17.986,17.986000000000022,17.983999999999998
104,1636975998398321000,17.986,17.986000000000022,17.985999999999997
105,1636976003822325000,17.986,17.986000000000022,17.985599999999998
106,1636976009328042000,17.986,17.986000000000022,17.985199999999995
107,1636976014714837000,17.984,17.984000000000027,17.984799999999993
108,1636976020081104000,17.984,17.98400000000003,17.98439999999999
109,1636976025518375000,17.984,17.98400000000003,17.983999999999988
110,1636976031083622000,17.984,17.98400000000003,17.983999999999988
111,1636976036479891000,17.984,17.98400000000003,17.981199999999983
112,1636976041899488000,17.984,17.98400000000003,17.978399999999983
113,1636976047400362000,17.97,17.970000000000027,17.97479999999998
114,1636976052959733000,17.97,17.970000000000027,17.971199999999982
115,1636976058396254000,17.965999999999998,17.966000000000022,17.967599999999983
116,1636976063805481000,17.965999999999998,17.96600000000002,17.96519999999998
117,1636976070211734000,17.965999999999998,17.96600000000002,17.96279999999998
118,1636976075691381000,17.958,17.958000000000023,17.961199999999984
119,1636976081135404000,17.958,17.958000000000027,17.959599999999984
120,1636976086635122000,17.958,17.958000000000027,17.957999999999984
121,1636976092060791000,17.958,17.958000000000027,17.957999999999984
122,1636976097594695000,17.958,17.958000000000027,17.957999999999984
123,1636976103008876000,17.958,17.958000000000027,17.957999999999984
124,1636976108438265000,17.958,17.958000000000027,17.957999999999984
125,1636976113920411000,17.958,17.958000000000027,17.957999999999984
126,1636976119420269000,17.958,17.958000000000027,17.957999999999984
127,1636976124852434000,17.958,17.958000000000027,17.957999999999984
128,1636976130270885000,17.958,17.958000000000027,17.957999999999984
129,1636976135714358000,17.958,17.958000000000027,17.956799999999983
130,1636976141256766000,17.958,17.958000000000027,17.955599999999983
131,1636976146695081000,17.952,17.952000000000027,17.954399999999985
132,1636976152147305000,17.952,17.952000000000023,17.953199999999985
133,1636976157565110000,17.952,17.952000000000023,17.951999999999984
134,1636976163065074000,17.952,17.952000000000023,17.951999999999984
135,1636976168521582000,17.952,17.952000000000023,17.954799999999985
136,1636976173944732000,17.952,17.952000000000023,17.95759999999998
137,1636976179389354000,17.965999999999998,17.96600000000002,17.960399999999982
138,1636976184870792000,17.965999999999998,17.96600000000002,17.96319999999998
139,1636976190343904000,17.965999999999998,17.96600000000002,17.96599999999998
140,1636976195812123000,17.965999999999998,17.96600000000002,17.96599999999998
141,1636976201224499000,17.965999999999998,17.96600000000002,17.96599999999998
142,1636976206695259000,17.965999999999998,17.96600000000002,17.96599999999998
143,1636976212070625000,17.965999999999998,17.96600000000002,17.96599999999998
144,1636976217586969000,17.965999999999998,17.96600000000002,17.964799999999983
145,1636976223011913000,17.965999999999998,17.96600000000002,17.963599999999982
146,1636976228514581000,17.96,17.96000000000002,17.963199999999983
147,1636976233986999000,17.96,17.960000000000015,17.962399999999985
148,1636976239495003000,17.964000000000002,17.96400000000002,17.961599999999986
149,1636976244933460000,17.962,17.962000000000014,17.96199999999999
150,1636976250434860000,17.962,17.962000000000014,17.96239999999999
151,1636976255876270000,17.962,17.962000000000014,17.961999999999993
152,1636976261484025000,17.962,17.962000000000014,17.961999999999993
153,1636976266914949000,17.962,17.962000000000014,17.961999999999993
154,1636976272428163000,17.962,17.962000000000014,17.961999999999993
155,1636976277831078000,17.962,17.962000000000014,17.961999999999993
156,1636976283269083000,17.962,17.962000000000014,17.961999999999993
157,1636976288710317000,17.962,17.962000000000014,17.961999999999993
158,1636976294236703000,17.962,17.962000000000014,17.96119999999999
159,1636976299794175000,17.962,17.962000000000014,17.96039999999999
160,1636976305208409000,17.958,17.958000000000016,17.959599999999988
161,1636976310691429000,17.958,17.958000000000013,17.961199999999987
162,1636976316203278000,17.958,17.958000000000013,17.962799999999987
163,1636976321576175000,17.97,17.970000000000013,17.96519999999999
164,1636976327048500000,17.97,17.970000000000013,17.967599999999987
165,1636976332462784000,17.97,17.970000000000013,17.969199999999987
166,1636976337963434000,17.97,17.970000000000013,17.968399999999985
167,1636976343533819000,17.965999999999998,17.966000000000008,17.967599999999983
168,1636976348983311000,17.965999999999998,17.966000000000005,17.966799999999985
169,1636976354409521000,17.965999999999998,17.966000000000005,17.965999999999983
170,1636976359949599000,17.965999999999998,17.966000000000005,17.965999999999983
171,1636976365460190000,17.965999999999998,17.966000000000005,17.965999999999983
172,1636976370896864000,17.965999999999998,17.966000000000005,17.965999999999983
173,1636976376398715000,17.965999999999998,17.966000000000005,17.965999999999983
174,1636976381904028000,17.965999999999998,17.966000000000005,17.967999999999982
175,1636976387292625000,17.965999999999998,17.966000000000005,17.969999999999985
176,1636976392782857000,17.976,17.97600000000001,17.971999999999987
177,1636976398343681000,17.976,17.976000000000013,17.973999999999986
178,1636976403867930000,17.976,17.976000000000013,17.97599999999999
179,1636976409308784000,17.976,17.976000000000013,17.97599999999999
180,1636976414749066000,17.976,17.976000000000013,17.97599999999999
181,1636976420186973000,17.976,17.976000000000013,17.97599999999999
182,1636976425698402000,17.976,17.976000000000013,17.97599999999999
183,1636976431135413000,17.976,17.976000000000013,17.97599999999999
184,1636976436572542000,17.976,17.976000000000013,17.97599999999999
185,1636976442057087000,17.976,17.976000000000013,17.97599999999999
186,1636976447526906000,17.976,17.976000000000013,17.97599999999999
187,1636976452935788000,17.976,17.976000000000013,17.97599999999999
188,1636976458341197000,17.976,17.976000000000013,17.97599999999999
189,1636976463828659000,17.976,17.976000000000013,17.97599999999999
190,1636976469343361000,17.976,17.976000000000013,17.97599999999999
191,1636976474836469000,17.976,17.976000000000013,17.97599999999999
192,1636976480271425000,17.976,17.976000000000013,17.97599999999999
193,1636976485741177000,17.976,17.976000000000013,17.97599999999999
194,1636976491287617000,17.976,17.976000000000013,17.977999999999987
195,1636976496768023000,17.976,17.976000000000013,17.97999999999999
196,1636976502186464000,17.986,17.98600000000002,17.981999999999992
197,1636976507609365000,17.986,17.986000000000022,17.98399999999999
198,1636976513109199000,17.986,17.986000000000022,
199,1636976518541974000,17.986,17.986000000000022,
