t,temps,valeur
1,1636975438328058000,18.018
2,1636975443768994000,18.018
3,1636975449252709000,18.016
4,1636975454736511000,18.016
5,1636975460123939000,18.016
6,1636975465553947000,18.016
7,1636975471034924000,18.014
8,1636975476411015000,18.014
9,1636975481858830000,18.014
10,1636975487251448000,18.014
11,1636975492755550000,18.008
12,1636975498136492000,18.008
13,1636975503523191000,18.006
14,1636975508911503000,18.006
15,1636975514375945000,18.002
16,1636975519751684000,18.002
17,1636975525177481000,18.002
18,1636975530581161000,17.998
19,1636975536084878000,17.998
20,1636975541514131000,18.006
21,1636975546901663000,18.006
22,1636975552284679000,18.004
23,1636975557737193000,18.004
24,1636975563102612000,18.004
25,1636975568537215000,18.004
26,1636975573991266000,18.004
27,1636975579442290000,18.0
28,1636975584831771000,18.006
29,1636975590237555000,18.006
30,1636975595640988000,18.006
31,1636975601093266000,18.012
32,1636975606508582000,18.012
33,1636975611911697000,18.012
34,1636975617303781000,18.01
35,1636975622818675000,18.01
36,1636975628257421000,18.002
37,1636975633697808000,17.998
38,1636975639075126000,17.998
39,1636975644548665000,17.998
40,1636975649902765000,17.998
41,1636975655298442000,17.998
42,1636975660709157000,17.998
43,1636975666196578000,17.998
44,1636975671591267000,17.998
45,1636975676970907000,17.998
46,1636975682403826000,18.0
47,1636975687828415000,18.0
48,1636975693318168000,18.004
49,1636975698717317000,18.004
50,1636975704115780000,18.004
51,1636975709597790000,17.996
52,1636975715011141000,17.996
53,1636975720414400000,17.996
54,1636975725823255000,17.99
55,1636975731522823000,17.99
56,1636975736952749000,17.99
57,1636975742375764000,17.99
58,1636975747786875000,17.99
59,1636975753311963000,17.99
60,1636975758729060000,17.99
61,1636975764136447000,17.99
62,1636975769525432000,17.99
63,1636975775031756000,17.99
64,1636975780475367000,17.99
65,1636975786060707000,17.99
66,1636975791429000000,17.98
67,1636975796893456000,17.98
68,1636975802289086000,17.98
69,1636975807711306000,17.98
70,1636975813093061000,17.98
71,1636975818576789000,17.98
72,1636975824033350000,17.98
73,1636975829456057000,17.98
74,1636975834841692000,17.984
75,1636975840330459000,17.984
76,1636975845737661000,17.984
77,1636975851161357000,17.984
78,1636975856588464000,17.984
79,1636975862048191000,17.988
80,1636975867448735000,17.988
81,1636975872822730000,17.988
82,1636975878246676000,17.996
83,1636975883782727000,17.996
84,1636975889252361000,17.99
85,1636975894831707000,17.99
86,1636975900277837000,17.99
87,1636975905827490000,17.99
88,1636975911249751000,17.99
89,1636975916634605000,17.982
90,1636975922134457000,17.982
91,1636975927552327000,17.982
92,1636975933038334000,17.982
93,1636975938439267000,17.974
94,1636975943951655000,17.974
95,1636975949409205000,17.974
96,1636975954813065000,17.98
97,1636975960303758000,17.98
98,1636975965784983000,17.98
99,1636975971242047000,17.98
100,1636975976625060000,17.98
101,1636975982067862000,17.976
102,1636975987597281000,17.986
103,1636975993026233000,17.986
104,1636975998398321000,17.986
105,1636976003822325000,17.986
106,1636976009328042000,17.986
107,1636976014714837000,17.984
108,1636976020081104000,17.984
109,1636976025518375000,17.984
110,1636976031083622000,17.984
111,1636976036479891000,17.984
112,1636976041899488000,17.984
113,1636976047400362000,17.97
114,1636976052959733000,17.97
115,1636976058396254000,17.966
116,1636976063805481000,17.966
117,1636976070211734000,17.966
118,1636976075691381000,17.958
119,1636976081135404000,17.958
120,1636976086635122000,17.958
121,1636976092060791000,17.958
122,1636976097594695000,17.958
123,1636976103008876000,17.958
124,1636976108438265000,17.958
125,1636976113920411000,17.958
126,1636976119420269000,17.958
127,1636976124852434000,17.958
128,1636976130270885000,17.958
129,1636976135714358000,17.958
130,1636976141256766000,17.958
131,1636976146695081000,17.952
132,1636976152147305000,17.952
133,1636976157565110000,17.952
134,1636976163065074000,17.952
135,1636976168521582000,17.952
136,1636976173944732000,17.952
137,1636976179389354000,17.966
138,1636976184870792000,17.966
139,1636976190343904000,17.966
140,1636976195812123000,17.966
141,1636976201224499000,17.966
142,1636976206695259000,17.966
143,1636976212070625000,17.966
144,1636976217586969000,17.966
145,1636976223011913000,17.966
146,1636976228514581000,17.96
147,1636976233986999000,17.96
148,1636976239495003000,17.964
149,1636976244933460000,17.962
150,1636976250434860000,17.962
151,1636976255876270000,17.962
152,1636976261484025000,17.962
153,1636976266914949000,17.962
154,1636976272428163000,17.962
155,1636976277831078000,17.962
156,1636976283269083000,17.962
157,1636976288710317000,17.962
158,1636976294236703000,17.962
159,1636976299794175000,17.962
160,1636976305208409000,17.958
161,1636976310691429000,17.958
162,1636976316203278000,17.958
163,1636976321576175000,17.97
164,1636976327048500000,17.97
165,1636976332462784000,17.97
166,1636976337963434000,17.97
167,1636976343533819000,17.966
168,1636976348983311000,17.966
169,1636976354409521000,17.966
170,1636976359949599000,17.966
171,1636976365460190000,17.966
172,1636976370896864000,17.966
173,1636976376398715000,17.966
174,1636976381904028000,17.966
175,1636976387292625000,17.966
176,1636976392782857000,17.976
177,1636976398343681000,17.976
178,1636976403867930000,17.976
179,1636976409308784000,17.976
180,1636976414749066000,17.976
181,1636976420186973000,17.976
182,1636976425698402000,17.976
183,1636976431135413000,17.976
184,1636976436572542000,17.976
185,1636976442057087000,17.976
186,1636976447526906000,17.976
187,1636976452935788000,17.976
188,1636976458341197000,17.976
189,1636976463828659000,17.976
190,1636976469343361000,17.976
191,1636976474836469000,17.976
192,1636976480271425000,17.976
193,1636976485741177000,17.976
194,1636976491287617000,17.976
195,1636976496768023000,17.976
196,1636976502186464000,17.986
197,1636976507609365000,17.986
198,1636976513109199000,17.986
199,1636976518541974000,17.986
